{
 "cells": [
  {
   "cell_type": "code",
   "execution_count": 1,
   "metadata": {},
   "outputs": [],
   "source": [
    "import matplotlib.pyplot as plt\n",
    "import numpy as np\n",
    "from statsmodels.tsa.stattools import adfuller\n",
    "from statsmodels.tsa.stattools import coint\n",
    "\n",
    "from statsmodels.graphics.tsaplots import plot_acf, plot_pacf\n",
    "from statsmodels.tsa.stattools import acf, pacf\n",
    "from statsmodels.tsa.arima_model import ARMA\n",
    "from statsmodels.tsa.api import VAR\n",
    "import pandas as pd\n",
    "from time import time"
   ]
  },
  {
   "cell_type": "code",
   "execution_count": 2,
   "metadata": {},
   "outputs": [],
   "source": [
    "import statsmodels.api as sm\n",
    "from statsmodels.tsa.arima_model import ARMA, ARIMA\n",
    "from statsmodels.tsa.api import VAR\n",
    "from statsmodels.api import OLS"
   ]
  },
  {
   "cell_type": "code",
   "execution_count": 3,
   "metadata": {},
   "outputs": [],
   "source": [
    "from math import sqrt"
   ]
  },
  {
   "cell_type": "code",
   "execution_count": 4,
   "metadata": {},
   "outputs": [],
   "source": [
    "from sklearn.metrics import mean_squared_error"
   ]
  },
  {
   "cell_type": "markdown",
   "metadata": {},
   "source": [
    "# Load Data"
   ]
  },
  {
   "cell_type": "code",
   "execution_count": 82,
   "metadata": {},
   "outputs": [],
   "source": [
    "df = pd.read_csv(\"TM.csv\")"
   ]
  },
  {
   "cell_type": "code",
   "execution_count": 83,
   "metadata": {},
   "outputs": [
    {
     "data": {
      "text/html": [
       "<div>\n",
       "<style scoped>\n",
       "    .dataframe tbody tr th:only-of-type {\n",
       "        vertical-align: middle;\n",
       "    }\n",
       "\n",
       "    .dataframe tbody tr th {\n",
       "        vertical-align: top;\n",
       "    }\n",
       "\n",
       "    .dataframe thead th {\n",
       "        text-align: right;\n",
       "    }\n",
       "</style>\n",
       "<table border=\"1\" class=\"dataframe\">\n",
       "  <thead>\n",
       "    <tr style=\"text-align: right;\">\n",
       "      <th></th>\n",
       "      <th>Date</th>\n",
       "      <th>TM</th>\n",
       "      <th>TM1</th>\n",
       "      <th>TM2</th>\n",
       "      <th>U</th>\n",
       "      <th>ER</th>\n",
       "      <th>I</th>\n",
       "      <th>CPI</th>\n",
       "      <th>IP</th>\n",
       "      <th>TM_RAW</th>\n",
       "      <th>TM_RAW1</th>\n",
       "      <th>TM_RAW2</th>\n",
       "      <th>BSE_RAW</th>\n",
       "      <th>BSE_RAW1</th>\n",
       "      <th>BSE_RAW2</th>\n",
       "      <th>BSE_P</th>\n",
       "      <th>BSE_P1</th>\n",
       "      <th>BSE_P2</th>\n",
       "    </tr>\n",
       "  </thead>\n",
       "  <tbody>\n",
       "    <tr>\n",
       "      <th>0</th>\n",
       "      <td>Mar-16</td>\n",
       "      <td>0.2900</td>\n",
       "      <td>-0.1104</td>\n",
       "      <td>-0.1390</td>\n",
       "      <td>8.73</td>\n",
       "      <td>66.8586</td>\n",
       "      <td>0.10</td>\n",
       "      <td>126.0</td>\n",
       "      <td>4.0</td>\n",
       "      <td>386.60</td>\n",
       "      <td>299.70</td>\n",
       "      <td>336.90</td>\n",
       "      <td>25341.86</td>\n",
       "      <td>23002.00</td>\n",
       "      <td>24870.69</td>\n",
       "      <td>0.1017</td>\n",
       "      <td>-0.0751</td>\n",
       "      <td>-0.0477</td>\n",
       "    </tr>\n",
       "    <tr>\n",
       "      <th>1</th>\n",
       "      <td>Apr-16</td>\n",
       "      <td>0.0563</td>\n",
       "      <td>0.2900</td>\n",
       "      <td>-0.1104</td>\n",
       "      <td>8.90</td>\n",
       "      <td>66.4734</td>\n",
       "      <td>1.03</td>\n",
       "      <td>127.3</td>\n",
       "      <td>7.2</td>\n",
       "      <td>408.35</td>\n",
       "      <td>386.60</td>\n",
       "      <td>299.70</td>\n",
       "      <td>25606.62</td>\n",
       "      <td>25341.86</td>\n",
       "      <td>23002.00</td>\n",
       "      <td>0.0104</td>\n",
       "      <td>0.1017</td>\n",
       "      <td>-0.0751</td>\n",
       "    </tr>\n",
       "    <tr>\n",
       "      <th>2</th>\n",
       "      <td>May-16</td>\n",
       "      <td>0.1256</td>\n",
       "      <td>0.0563</td>\n",
       "      <td>0.2900</td>\n",
       "      <td>9.65</td>\n",
       "      <td>66.9571</td>\n",
       "      <td>1.02</td>\n",
       "      <td>128.6</td>\n",
       "      <td>5.2</td>\n",
       "      <td>459.65</td>\n",
       "      <td>408.35</td>\n",
       "      <td>386.60</td>\n",
       "      <td>26667.96</td>\n",
       "      <td>25606.62</td>\n",
       "      <td>25341.86</td>\n",
       "      <td>0.0414</td>\n",
       "      <td>0.0104</td>\n",
       "      <td>0.1017</td>\n",
       "    </tr>\n",
       "    <tr>\n",
       "      <th>3</th>\n",
       "      <td>Jun-16</td>\n",
       "      <td>-0.0009</td>\n",
       "      <td>0.1256</td>\n",
       "      <td>0.0563</td>\n",
       "      <td>8.91</td>\n",
       "      <td>67.2331</td>\n",
       "      <td>1.17</td>\n",
       "      <td>130.1</td>\n",
       "      <td>6.0</td>\n",
       "      <td>459.25</td>\n",
       "      <td>459.65</td>\n",
       "      <td>408.35</td>\n",
       "      <td>26999.72</td>\n",
       "      <td>26667.96</td>\n",
       "      <td>25606.62</td>\n",
       "      <td>0.0124</td>\n",
       "      <td>0.0414</td>\n",
       "      <td>0.0104</td>\n",
       "    </tr>\n",
       "    <tr>\n",
       "      <th>4</th>\n",
       "      <td>Jul-16</td>\n",
       "      <td>0.0957</td>\n",
       "      <td>-0.0009</td>\n",
       "      <td>0.1256</td>\n",
       "      <td>8.51</td>\n",
       "      <td>67.1255</td>\n",
       "      <td>0.77</td>\n",
       "      <td>131.1</td>\n",
       "      <td>7.3</td>\n",
       "      <td>503.20</td>\n",
       "      <td>459.25</td>\n",
       "      <td>459.65</td>\n",
       "      <td>28051.86</td>\n",
       "      <td>26999.72</td>\n",
       "      <td>26667.96</td>\n",
       "      <td>0.0390</td>\n",
       "      <td>0.0124</td>\n",
       "      <td>0.0414</td>\n",
       "    </tr>\n",
       "  </tbody>\n",
       "</table>\n",
       "</div>"
      ],
      "text/plain": [
       "     Date      TM     TM1     TM2     U       ER     I    CPI   IP  TM_RAW  \\\n",
       "0  Mar-16  0.2900 -0.1104 -0.1390  8.73  66.8586  0.10  126.0  4.0  386.60   \n",
       "1  Apr-16  0.0563  0.2900 -0.1104  8.90  66.4734  1.03  127.3  7.2  408.35   \n",
       "2  May-16  0.1256  0.0563  0.2900  9.65  66.9571  1.02  128.6  5.2  459.65   \n",
       "3  Jun-16 -0.0009  0.1256  0.0563  8.91  67.2331  1.17  130.1  6.0  459.25   \n",
       "4  Jul-16  0.0957 -0.0009  0.1256  8.51  67.1255  0.77  131.1  7.3  503.20   \n",
       "\n",
       "   TM_RAW1  TM_RAW2   BSE_RAW  BSE_RAW1  BSE_RAW2   BSE_P  BSE_P1  BSE_P2  \n",
       "0   299.70   336.90  25341.86  23002.00  24870.69  0.1017 -0.0751 -0.0477  \n",
       "1   386.60   299.70  25606.62  25341.86  23002.00  0.0104  0.1017 -0.0751  \n",
       "2   408.35   386.60  26667.96  25606.62  25341.86  0.0414  0.0104  0.1017  \n",
       "3   459.65   408.35  26999.72  26667.96  25606.62  0.0124  0.0414  0.0104  \n",
       "4   459.25   459.65  28051.86  26999.72  26667.96  0.0390  0.0124  0.0414  "
      ]
     },
     "execution_count": 83,
     "metadata": {},
     "output_type": "execute_result"
    }
   ],
   "source": [
    "df.head()"
   ]
  },
  {
   "cell_type": "code",
   "execution_count": 84,
   "metadata": {},
   "outputs": [
    {
     "data": {
      "text/html": [
       "<div>\n",
       "<style scoped>\n",
       "    .dataframe tbody tr th:only-of-type {\n",
       "        vertical-align: middle;\n",
       "    }\n",
       "\n",
       "    .dataframe tbody tr th {\n",
       "        vertical-align: top;\n",
       "    }\n",
       "\n",
       "    .dataframe thead th {\n",
       "        text-align: right;\n",
       "    }\n",
       "</style>\n",
       "<table border=\"1\" class=\"dataframe\">\n",
       "  <thead>\n",
       "    <tr style=\"text-align: right;\">\n",
       "      <th></th>\n",
       "      <th>TM</th>\n",
       "      <th>TM1</th>\n",
       "      <th>TM2</th>\n",
       "      <th>U</th>\n",
       "      <th>ER</th>\n",
       "      <th>I</th>\n",
       "      <th>CPI</th>\n",
       "      <th>IP</th>\n",
       "      <th>TM_RAW</th>\n",
       "      <th>TM_RAW1</th>\n",
       "      <th>TM_RAW2</th>\n",
       "      <th>BSE_RAW</th>\n",
       "      <th>BSE_RAW1</th>\n",
       "      <th>BSE_RAW2</th>\n",
       "      <th>BSE_P</th>\n",
       "      <th>BSE_P1</th>\n",
       "      <th>BSE_P2</th>\n",
       "    </tr>\n",
       "  </thead>\n",
       "  <tbody>\n",
       "    <tr>\n",
       "      <th>count</th>\n",
       "      <td>66.000000</td>\n",
       "      <td>66.000000</td>\n",
       "      <td>66.000000</td>\n",
       "      <td>66.000000</td>\n",
       "      <td>66.000000</td>\n",
       "      <td>66.000000</td>\n",
       "      <td>66.000000</td>\n",
       "      <td>66.000000</td>\n",
       "      <td>66.000000</td>\n",
       "      <td>66.000000</td>\n",
       "      <td>66.000000</td>\n",
       "      <td>66.000000</td>\n",
       "      <td>66.000000</td>\n",
       "      <td>66.000000</td>\n",
       "      <td>66.000000</td>\n",
       "      <td>66.000000</td>\n",
       "      <td>66.000000</td>\n",
       "    </tr>\n",
       "    <tr>\n",
       "      <th>mean</th>\n",
       "      <td>0.011929</td>\n",
       "      <td>0.010598</td>\n",
       "      <td>0.010529</td>\n",
       "      <td>7.359091</td>\n",
       "      <td>69.629403</td>\n",
       "      <td>0.395152</td>\n",
       "      <td>142.571212</td>\n",
       "      <td>3.677879</td>\n",
       "      <td>291.690909</td>\n",
       "      <td>291.878788</td>\n",
       "      <td>292.529545</td>\n",
       "      <td>36372.031061</td>\n",
       "      <td>35848.540303</td>\n",
       "      <td>35428.598636</td>\n",
       "      <td>0.015430</td>\n",
       "      <td>0.012862</td>\n",
       "      <td>0.012109</td>\n",
       "    </tr>\n",
       "    <tr>\n",
       "      <th>std</th>\n",
       "      <td>0.162259</td>\n",
       "      <td>0.162905</td>\n",
       "      <td>0.162969</td>\n",
       "      <td>3.191509</td>\n",
       "      <td>3.680269</td>\n",
       "      <td>0.645155</td>\n",
       "      <td>10.367995</td>\n",
       "      <td>19.679669</td>\n",
       "      <td>139.424208</td>\n",
       "      <td>139.426555</td>\n",
       "      <td>139.536559</td>\n",
       "      <td>7321.981418</td>\n",
       "      <td>7012.960626</td>\n",
       "      <td>6822.483692</td>\n",
       "      <td>0.053078</td>\n",
       "      <td>0.053299</td>\n",
       "      <td>0.053803</td>\n",
       "    </tr>\n",
       "    <tr>\n",
       "      <th>min</th>\n",
       "      <td>-0.449000</td>\n",
       "      <td>-0.449000</td>\n",
       "      <td>-0.449000</td>\n",
       "      <td>3.370000</td>\n",
       "      <td>63.618900</td>\n",
       "      <td>-1.010000</td>\n",
       "      <td>126.000000</td>\n",
       "      <td>-57.310000</td>\n",
       "      <td>71.050000</td>\n",
       "      <td>71.050000</td>\n",
       "      <td>71.050000</td>\n",
       "      <td>25341.860000</td>\n",
       "      <td>23002.000000</td>\n",
       "      <td>23002.000000</td>\n",
       "      <td>-0.230500</td>\n",
       "      <td>-0.230500</td>\n",
       "      <td>-0.230500</td>\n",
       "    </tr>\n",
       "    <tr>\n",
       "      <th>25%</th>\n",
       "      <td>-0.072850</td>\n",
       "      <td>-0.074700</td>\n",
       "      <td>-0.074700</td>\n",
       "      <td>5.885000</td>\n",
       "      <td>66.765375</td>\n",
       "      <td>0.070000</td>\n",
       "      <td>134.450000</td>\n",
       "      <td>0.985000</td>\n",
       "      <td>173.087500</td>\n",
       "      <td>173.087500</td>\n",
       "      <td>173.087500</td>\n",
       "      <td>31180.280000</td>\n",
       "      <td>30977.657500</td>\n",
       "      <td>30169.202500</td>\n",
       "      <td>-0.010025</td>\n",
       "      <td>-0.012350</td>\n",
       "      <td>-0.013800</td>\n",
       "    </tr>\n",
       "    <tr>\n",
       "      <th>50%</th>\n",
       "      <td>-0.005100</td>\n",
       "      <td>-0.005100</td>\n",
       "      <td>-0.005100</td>\n",
       "      <td>6.925000</td>\n",
       "      <td>69.569250</td>\n",
       "      <td>0.370000</td>\n",
       "      <td>140.300000</td>\n",
       "      <td>3.900000</td>\n",
       "      <td>284.900000</td>\n",
       "      <td>288.175000</td>\n",
       "      <td>288.175000</td>\n",
       "      <td>35916.230000</td>\n",
       "      <td>35645.460000</td>\n",
       "      <td>35372.930000</td>\n",
       "      <td>0.010900</td>\n",
       "      <td>0.010450</td>\n",
       "      <td>0.010450</td>\n",
       "    </tr>\n",
       "    <tr>\n",
       "      <th>75%</th>\n",
       "      <td>0.066825</td>\n",
       "      <td>0.066825</td>\n",
       "      <td>0.066825</td>\n",
       "      <td>8.167500</td>\n",
       "      <td>73.033075</td>\n",
       "      <td>0.762500</td>\n",
       "      <td>151.375000</td>\n",
       "      <td>5.192500</td>\n",
       "      <td>423.387500</td>\n",
       "      <td>423.387500</td>\n",
       "      <td>423.387500</td>\n",
       "      <td>39303.867500</td>\n",
       "      <td>38941.890000</td>\n",
       "      <td>38671.515000</td>\n",
       "      <td>0.041300</td>\n",
       "      <td>0.040900</td>\n",
       "      <td>0.040900</td>\n",
       "    </tr>\n",
       "    <tr>\n",
       "      <th>max</th>\n",
       "      <td>0.513000</td>\n",
       "      <td>0.513000</td>\n",
       "      <td>0.513000</td>\n",
       "      <td>23.520000</td>\n",
       "      <td>76.205000</td>\n",
       "      <td>2.640000</td>\n",
       "      <td>162.900000</td>\n",
       "      <td>134.630000</td>\n",
       "      <td>537.700000</td>\n",
       "      <td>537.700000</td>\n",
       "      <td>537.700000</td>\n",
       "      <td>57552.390000</td>\n",
       "      <td>52586.840000</td>\n",
       "      <td>52482.710000</td>\n",
       "      <td>0.144200</td>\n",
       "      <td>0.144200</td>\n",
       "      <td>0.144200</td>\n",
       "    </tr>\n",
       "  </tbody>\n",
       "</table>\n",
       "</div>"
      ],
      "text/plain": [
       "              TM        TM1        TM2          U         ER          I  \\\n",
       "count  66.000000  66.000000  66.000000  66.000000  66.000000  66.000000   \n",
       "mean    0.011929   0.010598   0.010529   7.359091  69.629403   0.395152   \n",
       "std     0.162259   0.162905   0.162969   3.191509   3.680269   0.645155   \n",
       "min    -0.449000  -0.449000  -0.449000   3.370000  63.618900  -1.010000   \n",
       "25%    -0.072850  -0.074700  -0.074700   5.885000  66.765375   0.070000   \n",
       "50%    -0.005100  -0.005100  -0.005100   6.925000  69.569250   0.370000   \n",
       "75%     0.066825   0.066825   0.066825   8.167500  73.033075   0.762500   \n",
       "max     0.513000   0.513000   0.513000  23.520000  76.205000   2.640000   \n",
       "\n",
       "              CPI          IP      TM_RAW     TM_RAW1     TM_RAW2  \\\n",
       "count   66.000000   66.000000   66.000000   66.000000   66.000000   \n",
       "mean   142.571212    3.677879  291.690909  291.878788  292.529545   \n",
       "std     10.367995   19.679669  139.424208  139.426555  139.536559   \n",
       "min    126.000000  -57.310000   71.050000   71.050000   71.050000   \n",
       "25%    134.450000    0.985000  173.087500  173.087500  173.087500   \n",
       "50%    140.300000    3.900000  284.900000  288.175000  288.175000   \n",
       "75%    151.375000    5.192500  423.387500  423.387500  423.387500   \n",
       "max    162.900000  134.630000  537.700000  537.700000  537.700000   \n",
       "\n",
       "            BSE_RAW      BSE_RAW1      BSE_RAW2      BSE_P     BSE_P1  \\\n",
       "count     66.000000     66.000000     66.000000  66.000000  66.000000   \n",
       "mean   36372.031061  35848.540303  35428.598636   0.015430   0.012862   \n",
       "std     7321.981418   7012.960626   6822.483692   0.053078   0.053299   \n",
       "min    25341.860000  23002.000000  23002.000000  -0.230500  -0.230500   \n",
       "25%    31180.280000  30977.657500  30169.202500  -0.010025  -0.012350   \n",
       "50%    35916.230000  35645.460000  35372.930000   0.010900   0.010450   \n",
       "75%    39303.867500  38941.890000  38671.515000   0.041300   0.040900   \n",
       "max    57552.390000  52586.840000  52482.710000   0.144200   0.144200   \n",
       "\n",
       "          BSE_P2  \n",
       "count  66.000000  \n",
       "mean    0.012109  \n",
       "std     0.053803  \n",
       "min    -0.230500  \n",
       "25%    -0.013800  \n",
       "50%     0.010450  \n",
       "75%     0.040900  \n",
       "max     0.144200  "
      ]
     },
     "execution_count": 84,
     "metadata": {},
     "output_type": "execute_result"
    }
   ],
   "source": [
    "df.describe()"
   ]
  },
  {
   "cell_type": "code",
   "execution_count": 85,
   "metadata": {},
   "outputs": [
    {
     "data": {
      "text/html": [
       "<div>\n",
       "<style scoped>\n",
       "    .dataframe tbody tr th:only-of-type {\n",
       "        vertical-align: middle;\n",
       "    }\n",
       "\n",
       "    .dataframe tbody tr th {\n",
       "        vertical-align: top;\n",
       "    }\n",
       "\n",
       "    .dataframe thead th {\n",
       "        text-align: right;\n",
       "    }\n",
       "</style>\n",
       "<table border=\"1\" class=\"dataframe\">\n",
       "  <thead>\n",
       "    <tr style=\"text-align: right;\">\n",
       "      <th></th>\n",
       "      <th>TM</th>\n",
       "      <th>TM1</th>\n",
       "      <th>TM2</th>\n",
       "      <th>U</th>\n",
       "      <th>ER</th>\n",
       "      <th>I</th>\n",
       "      <th>CPI</th>\n",
       "      <th>IP</th>\n",
       "      <th>TM_RAW</th>\n",
       "      <th>TM_RAW1</th>\n",
       "      <th>TM_RAW2</th>\n",
       "      <th>BSE_RAW</th>\n",
       "      <th>BSE_RAW1</th>\n",
       "      <th>BSE_RAW2</th>\n",
       "      <th>BSE_P</th>\n",
       "      <th>BSE_P1</th>\n",
       "      <th>BSE_P2</th>\n",
       "    </tr>\n",
       "  </thead>\n",
       "  <tbody>\n",
       "    <tr>\n",
       "      <th>TM</th>\n",
       "      <td>1.000000</td>\n",
       "      <td>-0.006087</td>\n",
       "      <td>0.077313</td>\n",
       "      <td>0.204640</td>\n",
       "      <td>0.126814</td>\n",
       "      <td>0.217813</td>\n",
       "      <td>0.133409</td>\n",
       "      <td>-0.065440</td>\n",
       "      <td>0.056064</td>\n",
       "      <td>-0.164672</td>\n",
       "      <td>-0.167134</td>\n",
       "      <td>0.118388</td>\n",
       "      <td>-0.036354</td>\n",
       "      <td>-0.050937</td>\n",
       "      <td>0.600816</td>\n",
       "      <td>0.017261</td>\n",
       "      <td>0.090054</td>\n",
       "    </tr>\n",
       "    <tr>\n",
       "      <th>TM1</th>\n",
       "      <td>-0.006087</td>\n",
       "      <td>1.000000</td>\n",
       "      <td>0.001640</td>\n",
       "      <td>-0.047860</td>\n",
       "      <td>0.069209</td>\n",
       "      <td>-0.059682</td>\n",
       "      <td>0.151156</td>\n",
       "      <td>-0.030382</td>\n",
       "      <td>0.059624</td>\n",
       "      <td>0.055086</td>\n",
       "      <td>-0.167530</td>\n",
       "      <td>0.170559</td>\n",
       "      <td>0.154369</td>\n",
       "      <td>-0.011142</td>\n",
       "      <td>0.034119</td>\n",
       "      <td>0.620013</td>\n",
       "      <td>0.029261</td>\n",
       "    </tr>\n",
       "    <tr>\n",
       "      <th>TM2</th>\n",
       "      <td>0.077313</td>\n",
       "      <td>0.001640</td>\n",
       "      <td>1.000000</td>\n",
       "      <td>-0.257679</td>\n",
       "      <td>0.089289</td>\n",
       "      <td>-0.018406</td>\n",
       "      <td>0.199171</td>\n",
       "      <td>-0.134356</td>\n",
       "      <td>0.078557</td>\n",
       "      <td>0.058358</td>\n",
       "      <td>0.050669</td>\n",
       "      <td>0.221991</td>\n",
       "      <td>0.246237</td>\n",
       "      <td>0.214896</td>\n",
       "      <td>-0.063972</td>\n",
       "      <td>0.078212</td>\n",
       "      <td>0.627085</td>\n",
       "    </tr>\n",
       "    <tr>\n",
       "      <th>U</th>\n",
       "      <td>0.204640</td>\n",
       "      <td>-0.047860</td>\n",
       "      <td>-0.257679</td>\n",
       "      <td>1.000000</td>\n",
       "      <td>0.548966</td>\n",
       "      <td>0.284750</td>\n",
       "      <td>0.324883</td>\n",
       "      <td>-0.031350</td>\n",
       "      <td>-0.366547</td>\n",
       "      <td>-0.413650</td>\n",
       "      <td>-0.414843</td>\n",
       "      <td>0.066129</td>\n",
       "      <td>0.037389</td>\n",
       "      <td>0.109780</td>\n",
       "      <td>0.136985</td>\n",
       "      <td>-0.203447</td>\n",
       "      <td>-0.398309</td>\n",
       "    </tr>\n",
       "    <tr>\n",
       "      <th>ER</th>\n",
       "      <td>0.126814</td>\n",
       "      <td>0.069209</td>\n",
       "      <td>0.089289</td>\n",
       "      <td>0.548966</td>\n",
       "      <td>1.000000</td>\n",
       "      <td>0.078980</td>\n",
       "      <td>0.839873</td>\n",
       "      <td>-0.068952</td>\n",
       "      <td>-0.747352</td>\n",
       "      <td>-0.766945</td>\n",
       "      <td>-0.777083</td>\n",
       "      <td>0.613127</td>\n",
       "      <td>0.620484</td>\n",
       "      <td>0.648304</td>\n",
       "      <td>0.033362</td>\n",
       "      <td>-0.056081</td>\n",
       "      <td>-0.030658</td>\n",
       "    </tr>\n",
       "    <tr>\n",
       "      <th>I</th>\n",
       "      <td>0.217813</td>\n",
       "      <td>-0.059682</td>\n",
       "      <td>-0.018406</td>\n",
       "      <td>0.284750</td>\n",
       "      <td>0.078980</td>\n",
       "      <td>1.000000</td>\n",
       "      <td>0.121437</td>\n",
       "      <td>0.018041</td>\n",
       "      <td>-0.076696</td>\n",
       "      <td>-0.104719</td>\n",
       "      <td>-0.116798</td>\n",
       "      <td>0.064952</td>\n",
       "      <td>-0.037986</td>\n",
       "      <td>0.031123</td>\n",
       "      <td>0.404210</td>\n",
       "      <td>-0.202159</td>\n",
       "      <td>-0.074326</td>\n",
       "    </tr>\n",
       "    <tr>\n",
       "      <th>CPI</th>\n",
       "      <td>0.133409</td>\n",
       "      <td>0.151156</td>\n",
       "      <td>0.199171</td>\n",
       "      <td>0.324883</td>\n",
       "      <td>0.839873</td>\n",
       "      <td>0.121437</td>\n",
       "      <td>1.000000</td>\n",
       "      <td>0.071890</td>\n",
       "      <td>-0.658025</td>\n",
       "      <td>-0.670501</td>\n",
       "      <td>-0.690929</td>\n",
       "      <td>0.877655</td>\n",
       "      <td>0.868453</td>\n",
       "      <td>0.861983</td>\n",
       "      <td>0.094062</td>\n",
       "      <td>0.068528</td>\n",
       "      <td>0.094362</td>\n",
       "    </tr>\n",
       "    <tr>\n",
       "      <th>IP</th>\n",
       "      <td>-0.065440</td>\n",
       "      <td>-0.030382</td>\n",
       "      <td>-0.134356</td>\n",
       "      <td>-0.031350</td>\n",
       "      <td>-0.068952</td>\n",
       "      <td>0.018041</td>\n",
       "      <td>0.071890</td>\n",
       "      <td>1.000000</td>\n",
       "      <td>0.249944</td>\n",
       "      <td>0.249786</td>\n",
       "      <td>0.238847</td>\n",
       "      <td>0.274284</td>\n",
       "      <td>0.292051</td>\n",
       "      <td>0.277713</td>\n",
       "      <td>-0.048250</td>\n",
       "      <td>0.030687</td>\n",
       "      <td>-0.108394</td>\n",
       "    </tr>\n",
       "    <tr>\n",
       "      <th>TM_RAW</th>\n",
       "      <td>0.056064</td>\n",
       "      <td>0.059624</td>\n",
       "      <td>0.078557</td>\n",
       "      <td>-0.366547</td>\n",
       "      <td>-0.747352</td>\n",
       "      <td>-0.076696</td>\n",
       "      <td>-0.658025</td>\n",
       "      <td>0.249944</td>\n",
       "      <td>1.000000</td>\n",
       "      <td>0.968135</td>\n",
       "      <td>0.936974</td>\n",
       "      <td>-0.451497</td>\n",
       "      <td>-0.491505</td>\n",
       "      <td>-0.526680</td>\n",
       "      <td>0.086399</td>\n",
       "      <td>0.079235</td>\n",
       "      <td>0.096112</td>\n",
       "    </tr>\n",
       "    <tr>\n",
       "      <th>TM_RAW1</th>\n",
       "      <td>-0.164672</td>\n",
       "      <td>0.055086</td>\n",
       "      <td>0.058358</td>\n",
       "      <td>-0.413650</td>\n",
       "      <td>-0.766945</td>\n",
       "      <td>-0.104719</td>\n",
       "      <td>-0.670501</td>\n",
       "      <td>0.249786</td>\n",
       "      <td>0.968135</td>\n",
       "      <td>1.000000</td>\n",
       "      <td>0.967641</td>\n",
       "      <td>-0.463843</td>\n",
       "      <td>-0.471503</td>\n",
       "      <td>-0.505368</td>\n",
       "      <td>-0.041641</td>\n",
       "      <td>0.085323</td>\n",
       "      <td>0.077417</td>\n",
       "    </tr>\n",
       "    <tr>\n",
       "      <th>TM_RAW2</th>\n",
       "      <td>-0.167134</td>\n",
       "      <td>-0.167530</td>\n",
       "      <td>0.050669</td>\n",
       "      <td>-0.414843</td>\n",
       "      <td>-0.777083</td>\n",
       "      <td>-0.116798</td>\n",
       "      <td>-0.690929</td>\n",
       "      <td>0.238847</td>\n",
       "      <td>0.936974</td>\n",
       "      <td>0.967641</td>\n",
       "      <td>1.000000</td>\n",
       "      <td>-0.490668</td>\n",
       "      <td>-0.493699</td>\n",
       "      <td>-0.492541</td>\n",
       "      <td>-0.055290</td>\n",
       "      <td>-0.049978</td>\n",
       "      <td>0.078981</td>\n",
       "    </tr>\n",
       "    <tr>\n",
       "      <th>BSE_RAW</th>\n",
       "      <td>0.118388</td>\n",
       "      <td>0.170559</td>\n",
       "      <td>0.221991</td>\n",
       "      <td>0.066129</td>\n",
       "      <td>0.613127</td>\n",
       "      <td>0.064952</td>\n",
       "      <td>0.877655</td>\n",
       "      <td>0.274284</td>\n",
       "      <td>-0.451497</td>\n",
       "      <td>-0.463843</td>\n",
       "      <td>-0.490668</td>\n",
       "      <td>1.000000</td>\n",
       "      <td>0.963048</td>\n",
       "      <td>0.931540</td>\n",
       "      <td>0.187090</td>\n",
       "      <td>0.143950</td>\n",
       "      <td>0.175059</td>\n",
       "    </tr>\n",
       "    <tr>\n",
       "      <th>BSE_RAW1</th>\n",
       "      <td>-0.036354</td>\n",
       "      <td>0.154369</td>\n",
       "      <td>0.246237</td>\n",
       "      <td>0.037389</td>\n",
       "      <td>0.620484</td>\n",
       "      <td>-0.037986</td>\n",
       "      <td>0.868453</td>\n",
       "      <td>0.292051</td>\n",
       "      <td>-0.491505</td>\n",
       "      <td>-0.471503</td>\n",
       "      <td>-0.493699</td>\n",
       "      <td>0.963048</td>\n",
       "      <td>1.000000</td>\n",
       "      <td>0.962090</td>\n",
       "      <td>-0.081146</td>\n",
       "      <td>0.171850</td>\n",
       "      <td>0.190218</td>\n",
       "    </tr>\n",
       "    <tr>\n",
       "      <th>BSE_RAW2</th>\n",
       "      <td>-0.050937</td>\n",
       "      <td>-0.011142</td>\n",
       "      <td>0.214896</td>\n",
       "      <td>0.109780</td>\n",
       "      <td>0.648304</td>\n",
       "      <td>0.031123</td>\n",
       "      <td>0.861983</td>\n",
       "      <td>0.277713</td>\n",
       "      <td>-0.526680</td>\n",
       "      <td>-0.505368</td>\n",
       "      <td>-0.492541</td>\n",
       "      <td>0.931540</td>\n",
       "      <td>0.962090</td>\n",
       "      <td>1.000000</td>\n",
       "      <td>-0.047997</td>\n",
       "      <td>-0.099955</td>\n",
       "      <td>0.209601</td>\n",
       "    </tr>\n",
       "    <tr>\n",
       "      <th>BSE_P</th>\n",
       "      <td>0.600816</td>\n",
       "      <td>0.034119</td>\n",
       "      <td>-0.063972</td>\n",
       "      <td>0.136985</td>\n",
       "      <td>0.033362</td>\n",
       "      <td>0.404210</td>\n",
       "      <td>0.094062</td>\n",
       "      <td>-0.048250</td>\n",
       "      <td>0.086399</td>\n",
       "      <td>-0.041641</td>\n",
       "      <td>-0.055290</td>\n",
       "      <td>0.187090</td>\n",
       "      <td>-0.081146</td>\n",
       "      <td>-0.047997</td>\n",
       "      <td>1.000000</td>\n",
       "      <td>-0.142564</td>\n",
       "      <td>-0.039380</td>\n",
       "    </tr>\n",
       "    <tr>\n",
       "      <th>BSE_P1</th>\n",
       "      <td>0.017261</td>\n",
       "      <td>0.620013</td>\n",
       "      <td>0.078212</td>\n",
       "      <td>-0.203447</td>\n",
       "      <td>-0.056081</td>\n",
       "      <td>-0.202159</td>\n",
       "      <td>0.068528</td>\n",
       "      <td>0.030687</td>\n",
       "      <td>0.079235</td>\n",
       "      <td>0.085323</td>\n",
       "      <td>-0.049978</td>\n",
       "      <td>0.143950</td>\n",
       "      <td>0.171850</td>\n",
       "      <td>-0.099955</td>\n",
       "      <td>-0.142564</td>\n",
       "      <td>1.000000</td>\n",
       "      <td>-0.107312</td>\n",
       "    </tr>\n",
       "    <tr>\n",
       "      <th>BSE_P2</th>\n",
       "      <td>0.090054</td>\n",
       "      <td>0.029261</td>\n",
       "      <td>0.627085</td>\n",
       "      <td>-0.398309</td>\n",
       "      <td>-0.030658</td>\n",
       "      <td>-0.074326</td>\n",
       "      <td>0.094362</td>\n",
       "      <td>-0.108394</td>\n",
       "      <td>0.096112</td>\n",
       "      <td>0.077417</td>\n",
       "      <td>0.078981</td>\n",
       "      <td>0.175059</td>\n",
       "      <td>0.190218</td>\n",
       "      <td>0.209601</td>\n",
       "      <td>-0.039380</td>\n",
       "      <td>-0.107312</td>\n",
       "      <td>1.000000</td>\n",
       "    </tr>\n",
       "  </tbody>\n",
       "</table>\n",
       "</div>"
      ],
      "text/plain": [
       "                TM       TM1       TM2         U        ER         I  \\\n",
       "TM        1.000000 -0.006087  0.077313  0.204640  0.126814  0.217813   \n",
       "TM1      -0.006087  1.000000  0.001640 -0.047860  0.069209 -0.059682   \n",
       "TM2       0.077313  0.001640  1.000000 -0.257679  0.089289 -0.018406   \n",
       "U         0.204640 -0.047860 -0.257679  1.000000  0.548966  0.284750   \n",
       "ER        0.126814  0.069209  0.089289  0.548966  1.000000  0.078980   \n",
       "I         0.217813 -0.059682 -0.018406  0.284750  0.078980  1.000000   \n",
       "CPI       0.133409  0.151156  0.199171  0.324883  0.839873  0.121437   \n",
       "IP       -0.065440 -0.030382 -0.134356 -0.031350 -0.068952  0.018041   \n",
       "TM_RAW    0.056064  0.059624  0.078557 -0.366547 -0.747352 -0.076696   \n",
       "TM_RAW1  -0.164672  0.055086  0.058358 -0.413650 -0.766945 -0.104719   \n",
       "TM_RAW2  -0.167134 -0.167530  0.050669 -0.414843 -0.777083 -0.116798   \n",
       "BSE_RAW   0.118388  0.170559  0.221991  0.066129  0.613127  0.064952   \n",
       "BSE_RAW1 -0.036354  0.154369  0.246237  0.037389  0.620484 -0.037986   \n",
       "BSE_RAW2 -0.050937 -0.011142  0.214896  0.109780  0.648304  0.031123   \n",
       "BSE_P     0.600816  0.034119 -0.063972  0.136985  0.033362  0.404210   \n",
       "BSE_P1    0.017261  0.620013  0.078212 -0.203447 -0.056081 -0.202159   \n",
       "BSE_P2    0.090054  0.029261  0.627085 -0.398309 -0.030658 -0.074326   \n",
       "\n",
       "               CPI        IP    TM_RAW   TM_RAW1   TM_RAW2   BSE_RAW  \\\n",
       "TM        0.133409 -0.065440  0.056064 -0.164672 -0.167134  0.118388   \n",
       "TM1       0.151156 -0.030382  0.059624  0.055086 -0.167530  0.170559   \n",
       "TM2       0.199171 -0.134356  0.078557  0.058358  0.050669  0.221991   \n",
       "U         0.324883 -0.031350 -0.366547 -0.413650 -0.414843  0.066129   \n",
       "ER        0.839873 -0.068952 -0.747352 -0.766945 -0.777083  0.613127   \n",
       "I         0.121437  0.018041 -0.076696 -0.104719 -0.116798  0.064952   \n",
       "CPI       1.000000  0.071890 -0.658025 -0.670501 -0.690929  0.877655   \n",
       "IP        0.071890  1.000000  0.249944  0.249786  0.238847  0.274284   \n",
       "TM_RAW   -0.658025  0.249944  1.000000  0.968135  0.936974 -0.451497   \n",
       "TM_RAW1  -0.670501  0.249786  0.968135  1.000000  0.967641 -0.463843   \n",
       "TM_RAW2  -0.690929  0.238847  0.936974  0.967641  1.000000 -0.490668   \n",
       "BSE_RAW   0.877655  0.274284 -0.451497 -0.463843 -0.490668  1.000000   \n",
       "BSE_RAW1  0.868453  0.292051 -0.491505 -0.471503 -0.493699  0.963048   \n",
       "BSE_RAW2  0.861983  0.277713 -0.526680 -0.505368 -0.492541  0.931540   \n",
       "BSE_P     0.094062 -0.048250  0.086399 -0.041641 -0.055290  0.187090   \n",
       "BSE_P1    0.068528  0.030687  0.079235  0.085323 -0.049978  0.143950   \n",
       "BSE_P2    0.094362 -0.108394  0.096112  0.077417  0.078981  0.175059   \n",
       "\n",
       "          BSE_RAW1  BSE_RAW2     BSE_P    BSE_P1    BSE_P2  \n",
       "TM       -0.036354 -0.050937  0.600816  0.017261  0.090054  \n",
       "TM1       0.154369 -0.011142  0.034119  0.620013  0.029261  \n",
       "TM2       0.246237  0.214896 -0.063972  0.078212  0.627085  \n",
       "U         0.037389  0.109780  0.136985 -0.203447 -0.398309  \n",
       "ER        0.620484  0.648304  0.033362 -0.056081 -0.030658  \n",
       "I        -0.037986  0.031123  0.404210 -0.202159 -0.074326  \n",
       "CPI       0.868453  0.861983  0.094062  0.068528  0.094362  \n",
       "IP        0.292051  0.277713 -0.048250  0.030687 -0.108394  \n",
       "TM_RAW   -0.491505 -0.526680  0.086399  0.079235  0.096112  \n",
       "TM_RAW1  -0.471503 -0.505368 -0.041641  0.085323  0.077417  \n",
       "TM_RAW2  -0.493699 -0.492541 -0.055290 -0.049978  0.078981  \n",
       "BSE_RAW   0.963048  0.931540  0.187090  0.143950  0.175059  \n",
       "BSE_RAW1  1.000000  0.962090 -0.081146  0.171850  0.190218  \n",
       "BSE_RAW2  0.962090  1.000000 -0.047997 -0.099955  0.209601  \n",
       "BSE_P    -0.081146 -0.047997  1.000000 -0.142564 -0.039380  \n",
       "BSE_P1    0.171850 -0.099955 -0.142564  1.000000 -0.107312  \n",
       "BSE_P2    0.190218  0.209601 -0.039380 -0.107312  1.000000  "
      ]
     },
     "execution_count": 85,
     "metadata": {},
     "output_type": "execute_result"
    }
   ],
   "source": [
    "df.corr()"
   ]
  },
  {
   "cell_type": "code",
   "execution_count": 86,
   "metadata": {},
   "outputs": [
    {
     "data": {
      "text/html": [
       "<div>\n",
       "<style scoped>\n",
       "    .dataframe tbody tr th:only-of-type {\n",
       "        vertical-align: middle;\n",
       "    }\n",
       "\n",
       "    .dataframe tbody tr th {\n",
       "        vertical-align: top;\n",
       "    }\n",
       "\n",
       "    .dataframe thead th {\n",
       "        text-align: right;\n",
       "    }\n",
       "</style>\n",
       "<table border=\"1\" class=\"dataframe\">\n",
       "  <thead>\n",
       "    <tr style=\"text-align: right;\">\n",
       "      <th></th>\n",
       "      <th>TM</th>\n",
       "      <th>TM1</th>\n",
       "      <th>TM2</th>\n",
       "      <th>U</th>\n",
       "      <th>ER</th>\n",
       "      <th>I</th>\n",
       "      <th>CPI</th>\n",
       "      <th>IP</th>\n",
       "      <th>TM_RAW</th>\n",
       "      <th>TM_RAW1</th>\n",
       "      <th>TM_RAW2</th>\n",
       "      <th>BSE_RAW</th>\n",
       "      <th>BSE_RAW1</th>\n",
       "      <th>BSE_RAW2</th>\n",
       "      <th>BSE_P</th>\n",
       "      <th>BSE_P1</th>\n",
       "      <th>BSE_P2</th>\n",
       "    </tr>\n",
       "    <tr>\n",
       "      <th>Date</th>\n",
       "      <th></th>\n",
       "      <th></th>\n",
       "      <th></th>\n",
       "      <th></th>\n",
       "      <th></th>\n",
       "      <th></th>\n",
       "      <th></th>\n",
       "      <th></th>\n",
       "      <th></th>\n",
       "      <th></th>\n",
       "      <th></th>\n",
       "      <th></th>\n",
       "      <th></th>\n",
       "      <th></th>\n",
       "      <th></th>\n",
       "      <th></th>\n",
       "      <th></th>\n",
       "    </tr>\n",
       "  </thead>\n",
       "  <tbody>\n",
       "    <tr>\n",
       "      <th>2016-03-01</th>\n",
       "      <td>0.2900</td>\n",
       "      <td>-0.1104</td>\n",
       "      <td>-0.1390</td>\n",
       "      <td>8.73</td>\n",
       "      <td>66.8586</td>\n",
       "      <td>0.10</td>\n",
       "      <td>126.0</td>\n",
       "      <td>4.00</td>\n",
       "      <td>386.60</td>\n",
       "      <td>299.70</td>\n",
       "      <td>336.90</td>\n",
       "      <td>25341.86</td>\n",
       "      <td>23002.00</td>\n",
       "      <td>24870.69</td>\n",
       "      <td>0.1017</td>\n",
       "      <td>-0.0751</td>\n",
       "      <td>-0.0477</td>\n",
       "    </tr>\n",
       "    <tr>\n",
       "      <th>2016-04-01</th>\n",
       "      <td>0.0563</td>\n",
       "      <td>0.2900</td>\n",
       "      <td>-0.1104</td>\n",
       "      <td>8.90</td>\n",
       "      <td>66.4734</td>\n",
       "      <td>1.03</td>\n",
       "      <td>127.3</td>\n",
       "      <td>7.20</td>\n",
       "      <td>408.35</td>\n",
       "      <td>386.60</td>\n",
       "      <td>299.70</td>\n",
       "      <td>25606.62</td>\n",
       "      <td>25341.86</td>\n",
       "      <td>23002.00</td>\n",
       "      <td>0.0104</td>\n",
       "      <td>0.1017</td>\n",
       "      <td>-0.0751</td>\n",
       "    </tr>\n",
       "    <tr>\n",
       "      <th>2016-05-01</th>\n",
       "      <td>0.1256</td>\n",
       "      <td>0.0563</td>\n",
       "      <td>0.2900</td>\n",
       "      <td>9.65</td>\n",
       "      <td>66.9571</td>\n",
       "      <td>1.02</td>\n",
       "      <td>128.6</td>\n",
       "      <td>5.20</td>\n",
       "      <td>459.65</td>\n",
       "      <td>408.35</td>\n",
       "      <td>386.60</td>\n",
       "      <td>26667.96</td>\n",
       "      <td>25606.62</td>\n",
       "      <td>25341.86</td>\n",
       "      <td>0.0414</td>\n",
       "      <td>0.0104</td>\n",
       "      <td>0.1017</td>\n",
       "    </tr>\n",
       "    <tr>\n",
       "      <th>2016-06-01</th>\n",
       "      <td>-0.0009</td>\n",
       "      <td>0.1256</td>\n",
       "      <td>0.0563</td>\n",
       "      <td>8.91</td>\n",
       "      <td>67.2331</td>\n",
       "      <td>1.17</td>\n",
       "      <td>130.1</td>\n",
       "      <td>6.00</td>\n",
       "      <td>459.25</td>\n",
       "      <td>459.65</td>\n",
       "      <td>408.35</td>\n",
       "      <td>26999.72</td>\n",
       "      <td>26667.96</td>\n",
       "      <td>25606.62</td>\n",
       "      <td>0.0124</td>\n",
       "      <td>0.0414</td>\n",
       "      <td>0.0104</td>\n",
       "    </tr>\n",
       "    <tr>\n",
       "      <th>2016-07-01</th>\n",
       "      <td>0.0957</td>\n",
       "      <td>-0.0009</td>\n",
       "      <td>0.1256</td>\n",
       "      <td>8.51</td>\n",
       "      <td>67.1255</td>\n",
       "      <td>0.77</td>\n",
       "      <td>131.1</td>\n",
       "      <td>7.30</td>\n",
       "      <td>503.20</td>\n",
       "      <td>459.25</td>\n",
